0.000864638119098
0.000860409048979
0.000857103607848
0.000854337656261
0.000851923148707
0.000849757119215
0.000847777616431
0.000845944436553
0.000844229891608
0.000842614004592
0.000841081820497
0.000839621806615
0.000838224850977
0.000836883607455
0.000835592051709
0.000834345171301
0.000833138742373
0.000831969166918
0.000830833350109
0.000829728606907
0.000828652590302
0.000827603234196
0.000826578708976
0.000825577384822
0.000824597802720
0.000823638650482
0.000822698742514
0.000821777003965
0.000820872456055
0.000819984204854
0.000819111431487
0.000818253383303
0.000817409366621
0.000816578740632
0.000815760911850
0.000814955329456
0.000814161480852
0.000813378888171
0.000812607105409
0.000811845715065
0.000811094325702
0.000810352570110
0.000809620102846
0.000808896598600
0.000808181750767
0.000807475269566
0.000806776881343
0.000806086326897
0.000805403360441
0.000804727748966
0.000804059270933
0.000803397716048
0.000802742883758
0.000802094583216
0.000801452632445
0.000800816857721
0.000800187092993
0.000799563179746
0.000798944966058
0.000798332306609
0.000797725062213
0.000797123099166
0.000796526289506
0.000795934509989
0.000795347642456
0.000794765573251
0.000794188192986
0.000793615396370
0.000793047082077
0.000792483152312
0.000791923512835
0.000791368072978
0.000790816744735
0.000790269443596
0.000789726087533
0.000789186597559
0.000788650897194
0.000788118912346
0.000787590571416
0.000787065805044
0.000786544545922
0.000786026729073
0.000785512291303
0.000785001171425
0.000784493309973
0.000783988649390
0.000783487133724
0.000782988708439
0.000782493320938
0.000782000919834
0.000781511455116
0.000781024878448
0.000780541142534
0.000780060201443
0.000779582010499
0.000779106526049
0.000778633705888
0.000778163508603
0.000777695894004
0.000777230822807
0.000776768256836
0.000776308158747
0.000775850492274
0.000775395221752
0.000774942312624
0.000774491731088
0.000774043444189
0.000773597419552
0.000773153625756
0.000772712032029
0.000772272608333
0.000771835325185
0.000771400153861
0.000770967066335
0.000770536035162
0.000770107033353
0.000769680034689
0.000769255013252
0.000768831944128
0.000768410802482
0.000767991564121
0.000767574205513
0.000767158703487
0.000766745035272
0.000766333178674
0.000765923111913
0.000765514813662
0.000765108262900
0.000764703439181
0.000764300322356
0.000763898892664
0.000763499130761
0.000763101017631
0.000762704534692
0.000762309663586
0.000761916386400
0.000761524685522
0.000761134543575
0.000760745943725
0.000760358869257
0.000759973303644
0.000759589230880
0.000759206635286
0.000758825501080
0.000758445813232
0.000758067556663
0.000757690716639
0.000757315278644
0.000756941228440
0.000756568552106
0.000756197235796
0.000755827265896
0.000755458629311
0.000755091312706
0.000754725303344
0.000754360588411
0.000753997155566
0.000753634992497
0.000753274087101
0.000752914427475
0.000752556001907
0.000752198798951
0.000751842807220
0.000751488015514
0.000751134412742
0.000750781988260
0.000750430731262
0.000750080631340
0.000749731678070
0.000749383861189
0.000749037170813
0.000748691596970
0.000748347129785
0.000748003759779
0.000747661477391
0.000747320273373
0.000746980138403
0.000746641063455
0.000746303039636
0.000745966057991
0.000745630109836
0.000745295186675
0.000744961279913
0.000744628381354
0.000744296482624
0.000743965575702
0.000743635652509
0.000743306705115
0.000742978725748
0.000742651706756
0.000742325640498
0.000742000519414
0.000741676336197
0.000741353083409
0.000741030753966
0.000740709340768
0.000740388836676
0.000740069234830
0.000739750528367
0.000739432710490
0.000739
